174,85,365,97,363,137,172,125
376,100,521,106,519,141,374,134
538,111,601,111,601,147,538,147
619,114,679,114,679,144,619,144
234,129,285,129,285,159,234,159
300,132,339,132,339,165,300,165
351,135,438,135,438,168,351,168
451,138,554,142,553,175,450,171
568,147,610,147,610,180,568,180
225,160,331,165,330,196,224,191
342,167,431,171,429,202,341,198
445,169,522,176,519,208,442,201
541,177,628,177,628,207,541,207
192,188,281,194,279,228,190,222
291,195,431,203,429,235,290,227
441,207,471,207,471,234,441,234
471,207,502,207,502,237,471,237
523,206,659,211,658,245,522,240
258,228,312,228,312,258,258,258
324,234,363,234,363,261,324,261
412,230,590,241,588,275,410,264
246,261,303,261,303,291,246,291
315,264,360,264,360,294,315,294
396,267,601,271,601,305,396,300
150,284,338,295,336,329,148,318
348,297,420,297,420,327,348,327
430,298,501,304,498,336,427,330
496,303,535,303,535,333,496,333
547,306,616,306,616,339,547,339
628,309,700,309,700,339,628,339
312,363,372,363,372,396,312,396
396,363,536,368,534,403,395,398
78,401,149,407,146,438,75,432
228,409,352,414,351,446,227,441
165,417,213,417,213,441,165,441
462,420,529,420,529,450,462,450
544,423,592,423,592,453,544,453
607,426,745,426,745,456,607,456
78,438,132,438,132,468,78,468
228,444,333,444,333,477,228,477
459,453,547,453,547,484,459,484
78,468,144,468,144,502,78,502
159,476,236,482,233,511,157,504
276,481,330,481,330,511,276,511
330,481,447,481,447,514,330,514
78,502,144,502,144,535,78,535
159,507,250,512,249,543,157,537
276,509,448,513,447,547,275,544
459,517,511,517,511,547,459,547
511,520,598,520,598,550,511,550
607,523,646,523,646,553,607,553
75,566,149,572,146,603,72,597
276,577,330,577,330,604,276,604
342,580,426,580,426,610,342,610
75,601,147,601,147,634,75,634
276,610,348,610,348,640,276,640
75,633,196,637,195,671,74,667
72,733,126,733,126,766,72,766
141,736,180,736,180,766,141,766
69,835,192,835,192,865,69,865
697,850,736,850,736,880,697,880
72,868,111,868,111,898,72,898
120,871,207,871,207,901,120,901
219,871,291,871,291,901,219,901
303,874,375,874,375,901,303,901
171,901,210,901,210,931,171,931
138,907,159,907,159,925,138,925
252,904,285,904,285,934,252,934
285,904,324,904,324,934,285,934
336,907,387,907,387,934,336,934
468,907,502,907,502,937,468,937
502,906,608,910,606,942,501,937
664,913,694,913,694,943,664,943
694,913,733,913,733,940,694,940
69,931,189,931,189,965,69,965
697,946,733,946,733,974,697,974
69,968,138,968,138,995,69,995
153,968,189,968,189,998,153,998
204,968,240,968,240,998,204,998
252,968,291,968,291,998,252,998
300,971,357,971,357,1001,300,1001
369,971,456,971,456,1004,369,1004
468,974,556,974,556,1004,468,1004
72,1004,90,1004,90,1031,72,1031
168,1001,210,1001,210,1031,168,1031
237,1001,279,1001,279,1031,237,1031
138,1007,159,1007,159,1025,138,1025
285,1004,321,1004,321,1034,285,1034
336,1004,387,1004,387,1034,336,1034
468,1007,493,1007,493,1037,468,1037
502,1007,550,1007,550,1037,502,1037
547,1007,604,1007,604,1037,547,1037
646,1010,685,1010,685,1040,646,1040
694,1010,730,1010,730,1040,694,1040
66,1067,120,1067,120,1094,66,1094
135,1067,219,1067,219,1097,135,1097
565,1073,604,1073,604,1169,565,1169
646,1073,685,1073,685,1103,646,1103
694,1076,730,1076,730,1103,694,1103
66,1097,138,1097,138,1127,66,1127
135,1098,191,1103,188,1131,133,1126
201,1097,308,1107,305,1136,198,1127
664,1109,685,1109,685,1133,664,1133
694,1106,730,1106,730,1136,694,1136
66,1130,120,1130,120,1160,66,1160
117,1130,186,1130,186,1160,117,1160
198,1133,237,1133,237,1160,198,1160
661,1139,688,1139,688,1169,661,1169
694,1139,730,1139,730,1169,694,1169
66,1181,144,1181,144,1214,66,1214
411,1187,450,1187,450,1217,411,1217
511,1187,562,1187,562,1220,511,1220
568,1187,610,1187,610,1223,568,1223
66,1217,114,1217,114,1250,66,1250
568,1220,610,1220,610,1256,568,1256
411,1223,453,1223,453,1256,411,1256
511,1223,559,1223,559,1256,511,1256
66,1253,207,1253,207,1289,66,1289
411,1256,453,1256,453,1292,411,1292
529,1259,559,1259,559,1289,529,1289
568,1259,610,1259,610,1292,568,1292
63,1337,135,1337,135,1370,63,1370
147,1340,246,1340,246,1370,147,1370
264,1346,282,1346,282,1373,264,1373
63,1371,118,1377,115,1408,60,1403
129,1372,217,1377,216,1405,127,1400
264,1373,291,1373,291,1403,264,1403
297,1379,315,1379,315,1403,297,1403
60,1436,165,1436,165,1467,60,1467
177,1436,261,1436,261,1467,177,1467
276,1436,447,1436,447,1470,276,1470
459,1439,511,1439,511,1470,459,1470
511,1439,592,1439,592,1470,511,1470
607,1439,646,1439,646,1470,607,1470
63,1485,150,1485,150,1515,63,1515
162,1483,225,1489,222,1520,159,1514
244,1483,351,1494,347,1527,241,1515
493,1491,538,1491,538,1518,493,1518
441,1494,496,1494,496,1524,441,1524
363,1500,432,1500,432,1521,363,1521
60,1518,150,1518,150,1548,60,1548
159,1518,234,1518,234,1548,159,1548
376,1518,553,1521,553,1554,375,1551
556,1521,727,1521,727,1554,556,1554
246,1530,300,1530,300,1551,246,1551
309,1527,363,1527,363,1554,309,1554
63,1551,132,1551,132,1581,63,1581
144,1551,198,1551,198,1581,144,1581
210,1551,264,1551,264,1581,210,1581
279,1551,348,1551,348,1584,279,1584
360,1554,426,1554,426,1584,360,1584
441,1554,511,1554,511,1584,441,1584
61,1587,129,1583,130,1614,63,1618
144,1584,198,1584,198,1614,144,1614
210,1584,264,1584,264,1614,210,1614
279,1584,345,1584,345,1617,279,1617
360,1587,429,1587,429,1617,360,1617
441,1587,511,1587,511,1617,441,1617
60,1617,129,1617,129,1647,60,1647
144,1617,198,1617,198,1647,144,1647
210,1617,312,1617,312,1647,210,1647
324,1617,378,1617,378,1650,324,1650
523,1617,592,1617,592,1647,523,1647
393,1620,444,1620,444,1650,393,1650
459,1620,511,1620,511,1650,459,1650
60,1665,114,1665,114,1698,60,1698
126,1664,247,1671,246,1702,124,1695
291,1667,394,1671,393,1702,290,1698
396,1668,456,1668,456,1701,396,1701
508,1668,559,1668,559,1698,508,1698
559,1668,619,1668,619,1698,559,1698
111,1734,129,1734,129,1758,111,1758
141,1731,180,1731,180,1761,141,1761
586,1731,625,1731,625,1761,586,1761
60,1734,99,1734,99,1764,60,1764
372,1734,420,1734,420,1764,372,1764
423,1734,459,1734,459,1764,423,1764
559,1737,577,1737,577,1764,559,1764
60,1761,195,1761,195,1794,60,1794
387,1764,417,1764,417,1794,387,1794
553,1764,583,1764,583,1794,553,1794
586,1764,622,1764,622,1794,586,1794
420,1767,459,1767,459,1794,420,1794
